SM:2024-09-11T08:05:23.0728143Z
LM:2024-09-11T08:05:26.1448918Z
CT:image/jpeg
MA:604800
CL:3948
