SM:2024-09-11T08:05:22.4622412Z
LM:2024-09-11T08:05:26.1687528Z
CT:image/png
MA:604800
CL:382
