SM:2024-09-11T08:05:21.7698675Z
LM:2024-09-11T08:05:26.1686804Z
CT:image/png
MA:604800
CL:476
