SM:2024-09-11T08:05:23.5996904Z
LM:2024-09-11T08:05:26.1448852Z
CT:image/jpeg
MA:604800
CL:4025
