SM:2024-09-11T08:05:24.8583290Z
LM:2024-09-11T08:05:26.8061448Z
CT:image/webp
MA:604800
CL:13220
